2
0
0
2
-21.9704
-16.80364
0
1
5
2
-13.53423
-16.22582
0
1
5
2
-4.2
-16.21121
0
1
5
2
4.7
-16.2
0
1
5
2
12.76814
-16.72463
0
1
5
7
16.3
-16
21.00002
5
0
7
8.7
-16.2
21.00002
4
0
7
0.3
-16.4
21.00002
3
0
7
-9.594174
-16.09538
21.00002
2
0
7
-18.11544
-15.95336
21.00002
1
0
7
-26.92074
-15.95336
21.00002
0
0
2
19.8
-18
0
1
8
2
-10.5
-11.1
90
1
30
7
-9.736197
3.929585
21.00002
5
0
7
2.9
-1.7
21.00002
4
0
7
11.851
-7.716141
21.00002
3
0
7
13.12919
3.503521
21.00002
2
0
7
-6.753756
-6.721993
21.00002
1
0
7
-3.5
0.4
21.00002
0
0
1
24.06481
0.5210798
90
50
1
0
-25.50053
-0.04700398
270
1221
0
