0
1
0
1
26.5
-8
90
50
1
1
-16.52536
18.27055
179.9999
50
1
1
-25.89514
-18.46495
179.9999
50
1
7
20.80505
-7.756626
222
1
0
7
-25.30023
9.941854
222
4
0
7
8.312007
16.3371
222
5
0
7
-4.181039
-10.13625
222
5
0
7
21.10251
5.926234
222
2
0
7
4.593837
-8.94644
222
1
0
7
17.8
-15.6
222
4
0
7
-12.4
14.8
222
2
0
7
-19.35116
-13.40824
222
0
0
7
0.1320372
9.198222
222
3
0
7
12.1789
-2.699917
222
0
0
7
-12.50974
1.166978
222
3
0
0
18.1
13.8
135
2122
0
0
0.1
-15.8
0
2121
0
0
-25.74641
-0.171563
270
2122
0
